model,parameter_name,parameter_value,a,b,K0,n,n_over_n0,eps_raw,eps,e_per_particle_minus_m,mu_b,pressure,dP_dn,d2eps_dn2,vs2
clausius,c,5.485012079377968,493.64317325174414,1.4795067754410676,219.9999972936073,0.032,0.2,29.834895138168125,29.83489564951019,-5.659526932246081,926.3214382522556,-0.1926096254380134,-9.932481378227587,-310.3900430696121,-0.010722499737205453
clausius,c,5.485012079377968,493.64317325174414,1.4795067754410676,219.9999972936073,0.036830188679245285,0.23018867924528302,34.30569665234161,34.305688946201705,-6.544097041954274,924.8926562104292,-0.2417179099232527,-10.342308672265878,-280.81063505639935,-0.011182171901592894
clausius,c,5.485012079377968,493.64317325174414,1.4795067754410676,219.9999972936073,0.04166037735849057,0.26037735849056604,38.7699235428644,38.769926113789346,-7.381364233780346,923.6069959382365,-0.29211013206054304,-10.516990803615963,-252.4458843259266,-0.011386867845162203
clausius,c,5.485012079377968,493.64317325174414,1.4795067754410676,219.9999972936073,0.04649056603773586,0.2905660377358491,43.22826837720948,43.22829130311602,-8.171175327880746,922.4574885606306,-0.3427205141840517,-10.473513128410959,-225.2825469990993,-0.011353924986563284
clausius,c,5.485012079377968,493.64317325174414,1.4795067754410676,219.9999972936073,0.05132075471698114,0.3207547169811321,47.681387928898836,47.68143266864088,-8.914132267780133,921.4372787417858,-0.3925760992511158,-10.227727034271362,-199.29026941778756,-0.011099753906459299
clausius,c,5.485012079377968,493.64317325174414,1.4795067754410676,219.9999972936073,0.05615094339622642,0.3509433962264151,52.129902765054084,52.129945539491324,-9.611274681496639,920.5456610983706,-0.4404382295148892,-9.776609849129022,-174.11301142602088,-0.010620450741643637
clausius,c,5.485012079377968,493.64317325174414,1.4795067754410676,219.9999972936073,0.060981132075471706,0.38113207547169814,56.57439825584135,56.57443850355723,-10.26388998775019,919.7717461425699,-0.48571617274994594,-9.168337841306046,-150.34712425409046,-0.009968057705356935
clausius,c,5.485012079377968,493.64317325174414,1.4795067754410676,219.9999972936073,0.06581132075471699,0.41132075471698115,61.01542631166099,61.01546380115849,-10.873396067078033,919.1087955050396,-0.5277000516947439,-8.418381576668233,-127.91692189318127,-0.009159287363845137
clausius,c,5.485012079377968,493.64317325174414,1.4795067754410676,219.9999972936073,0.07064150943396227,0.4415094339622642,65.45350746548809,65.45354215077062,-11.441267181926264,918.5505293245974,-0.5657462679160261,-7.5399395629291375,-106.73525556496908,-0.008208519098533635
clausius,c,5.485012079377968,493.64317325174414,1.4795067754410676,219.9999972936073,0.07547169811320754,0.4716981132075471,69.88913308454143,69.88916502360456,-11.968986629826077,918.0911339959673,-0.5992681182485455,-6.544251518157671,-86.71133261558914,-0.00712810665066984
clausius,c,5.485012079377968,493.64317325174414,1.4795067754410676,219.9999972936073,0.08030188679245283,0.5018867924528302,74.32276758861826,74.32279689608374,-12.458016401135296,917.725253015459,-0.6277275218612317,-5.44085986104405,-67.75506875830231,-0.005928636967509054
clausius,c,5.485012079377968,493.64317325174414,1.4795067754410676,219.9999972936073,0.08513207547169811,0.5320754716981132,78.754850606202,78.7548774252642,-12.90977789700662,917.4479683473087,-0.6506277425650069,-4.237830092681405,-49.779475822720414,-0.004619150337555856
clausius,c,5.485012079377968,493.64317325174414,1.4795067754410676,219.9999972936073,0.08996226415094341,0.5622641509433963,83.18579903120686,83.18582351685335,-13.325639963514504,917.2547768730872,-0.6675069860820173,-2.9419374984470807,-32.70190591814078,-0.0032073286208179996
clausius,c,5.485012079377968,493.64317325174414,1.4795067754410676,219.9999972936073,0.0947924528301887,0.5924528301886793,87.6160089622015,87.6160312711906,-13.706911823909422,917.1415647216761,-0.6779327587056656,-1.5588257804183685,-16.444619100751098,-0.0016996566728402758
clausius,c,5.485012079377968,493.64317325174414,1.4795067754410676,219.9999972936073,0.09962264150943398,0.6226415094339623,92.04585751741837,92.04587780237473,-14.054839313793082,917.104581182231,-0.6814968845977489,-0.09314206666423881,-0.9349487752281546,-0.00010156100904454129
clausius,c,5.485012079377968,493.64317325174414,1.4795067754410676,219.9999972936073,0.10445283018867926,0.6528301886792454,96.47570452567751,96.47572293173698,-14.370603348824488,917.140413218151,-0.6778110906863191,1.4513480873265125,13.8947703447083,0.001582470978717296
clausius,c,5.485012079377968,493.64317325174414,1.4795067754410676,219.9999972936073,0.10928301886792455,0.6830188679245284,100.90589409738642,100.90591076042666,-14.6553198961534,917.245961170096,-0.6665030793474642,3.0716627252499427,28.10741098726639,0.003348788498704904
clausius,c,5.485012079377968,493.64317325174414,1.4795067754410676,219.9999972936073,0.11411320754716982,0.7132075471698114,105.33675608202982,105.33677112788749,-14.910040947820676,917.4184159643135,-0.6472130193560162,4.765520060177817,41.761336506187874,0.00519448920716149
clausius,c,5.485012079377968,493.64317325174414,1.4795067754410676,219.9999972936073,0.1189433962264151,0.7433962264150944,109.768607419714,109.7686209640104,-15.135756147709117,917.655237972456,-0.6195903946073145,6.531267517388713,54.910719927284546,0.00711734347184618
clausius,c,5.485012079377968,493.64317325174414,1.4795067754410676,219.9999972936073,0.12377358490566039,0.7735849056603774,114.20175339480346,114.20176554313997,-15.33339482856968,917.9541375620868,-0.5832911580967703,8.367821503297762,67.60587495042398,0.009115729382211968
clausius,c,5.485012079377968,493.64317325174414,1.4795067754410676,219.9999972936073,0.12860377358490566,0.8037735849056603,118.63648879972953,118.63649964809889,-15.50382828848808,918.3130573121653,-0.5379751454626955,10.274616442089036,79.89358442352096,0.011188577098274179
clausius,c,5.485012079377968,493.64317325174414,1.4795067754410676,219.9999972936073,0.13343396226415094,0.8339622641509433,123.07309901684633,123.07310865215833,-15.647872187096254,918.7301558296219,-0.48330370825104296,12.251561847963988,91.81741769543147,0.013335321334805554
clausius,c,5.485012079377968,493.64317325174414,1.4795067754410676,219.9999972936073,0.13826415094339622,0.8641509433962263,127.51186102584701,127.51186952650544,-15.766288977907834,919.2037930816414,-0.4189375321230244,14.299006396756758,103.41803207261302,0.015555860957469695
clausius,c,5.485012079377968,493.64317325174414,1.4795067754410676,219.9999972936073,0.1430943396226415,0.8943396226415095,131.95304434382024,131.9530517803131,-15.85979031876684,919.7325171486564,-0.34453460945630354,16.41770812550247,114.73345604583743,0.017850524820412408
clausius,c,5.485012079377968,493.64317325174414,1.4795067754410676,219.9999972936073,0.1479245283018868,0.9245283018867925,136.3969119045692,136.39691834004614,-15.929039420641857,920.3150522999351,-0.25974833945195996,18.60881002554603,125.79935348902292,0.02022004310267581
clausius,c,5.485012079377968,493.64317325174414,1.4795067754410676,219.9999972936073,0.15275471698113208,0.9547169811320755,140.84372088334075,140.8437263741613,-15.974653308169536,920.950288295652,-0.16422573186699196,20.873820417624124,136.64926903830022,0.022665523517294364
clausius,c,5.485012079377968,493.64317325174414,1.4795067754410676,219.9999972936073,0.15758490566037736,0.9849056603773585,145.29372347266138,145.2937280689064,-15.997204974730266,921.6372708230833,-0.057605693163168326,23.214597589130214,147.3148553907928,0.025188431852802607
clausius,c,5.485012079377968,493.64317325174414,1.4795067754410676,219.9999972936073,0.16241509433962265,1.0150943396226415,149.74716761454397,149.7471713604858,-15.997225421604298,922.3751929808923,0.060482624033483035,25.633338269047233,157.82608367326944,0.0277905763989668
clausius,c,5.485012079377968,493.64317325174414,1.4795067754410676,219.9999972936073,0.16724528301886793,1.0452830188679245,154.20429769393317,154.20430062846341,-15.975205575535028,923.1633877320372,0.19042142543807472,28.132569581389646,168.2114381558722,0.03047409586996703
clausius,c,5.485012079377968,493.64317325174414,1.4795067754410676,219.9999972936073,0.1720754716981132,1.0754716981132075,158.66535519788835,158.66535735490336,-15.93159808244718,924.0013212529844,0.332605849383782,30.71514419076464,178.49809672264539,0.03324145050908977
clausius,c,5.485012079377968,493.64317325174414,1.4795067754410676,219.9999972936073,0.1769056603773585,1.1056603773584905,163.13057934467378,163.13058075341786,-15.866818977420053,924.8885871135446,0.487445525385823,33.38423840157844,188.71209847308631,0.03609541610386419
clausius,c,5.485012079377968,493.64317325174414,1.4795067754410676,219.9999972936073,0.18173584905660378,1.1358490566037736,167.60020768662315,167.600208371992,-15.781249232659206,925.8249012292815,0.6553661306577965,36.143353023150794,198.87849981592527,0.03903908068918947
clausius,c,5.485012079377968,493.64317325174414,1.4795067754410676,219.9999972936073,0.18656603773584907,1.1660377358490566,172.07447669037902,172.07447667318615,-15.67523618627763,926.81009753398,0.8368109573042943,38.9963168637429,209.0215204063889,0.04207584376508496
clausius,c,5.485012079377968,493.64317325174414,1.4795067754410676,219.9999972936073,0.19139622641509435,1.1962264150943396,176.55362229787772,176.5536215950846,-15.549094855331305,927.844124327055,1.0322425025313748,41.947292743800276,219.16468014801012,0.04520941787956433
clausius,c,5.485012079377968,493.64317325174414,1.4795067754410676,219.9999972936073,0.1962264150943396,1.2264150943396226,181.0378804712392,181.03787909615144,-15.403109136954072,928.927041255913,1.2421440936880686,45.00078596235877,229.33092846202067,0.04844383246882073
clausius,c,5.485012079377968,493.64317325174414,1.4795067754410676,219.9999972936073,0.2010566037735849,1.2566037735849056,185.52748772453916,185.52748568697314,-15.237532901597547,930.0590168990632,1.4670215597517142,48.1616551851117,239.54276696799175,0.05178343987856693
clausius,c,5.485012079377968,493.64317325174414,1.4795067754410676,219.9999972936073,0.20588679245283018,1.2867924528301886,190.02268164530588,190.0226789517219,-15.052590982293623,931.2403269211958,1.7074049608080486,51.43512574143528,249.82236659604746,0.055232923504812806
clausius,c,5.485012079377968,493.64317325174414,1.4795067754410676,219.9999972936073,0.21071698113207546,1.3169811320754716,194.52370140842945,194.52369806203947,-14.848480063864486,932.4713527761259,1.9638503870883142,54.826805360883796,260.1916801689507,0.05879730803274017
clausius,c,5.485012079377968,493.64317325174414,1.4795067754410676,219.9999972936073,0.21554716981132074,1.3471698113207546,199.03078828509246,199.03078428593935,-14.625369475674006,933.752580938381,2.236941839344894,58.34270240186822,270.6725514092276,0.062481971769477014
clausius,c,5.485012079377968,493.64317325174414,1.4795067754410676,219.9999972936073,0.22037735849056603,1.3773584905660377,203.5441861492355,203.5441814942457,-14.383401891311564,935.0846026484818,2.527293202627277,61.989246643875646,281.2868212436138,0.06629266107932986
clausius,c,5.485012079377968,493.64317325174414,1.4795067754410676,219.9999972936073,0.2252075471698113,1.4075471698113207,208.0641419840067,208.06413666701815,-14.122693938307975,936.4681141614271,2.8355503260156922,65.77331276857184,292.0564323671505,0.0702355069798286
clausius,c,5.485012079377968,493.64317325174414,1.4795067754410676,219.9999972936073,0.2300377358490566,1.4377358490566037,212.5909063906168,212.59090040238127,-13.843336720579828,937.9039174919819,3.1623932214346553,69.7022466470992,303.00353283269834,0.07431704393930637
clausius,c,5.485012079377968,493.64317325174414,1.4795067754410676,219.9999972936073,0.23486792452830188,1.4679245283018867,217.12473410198623,217.12472743014646,-13.5453962560033,939.392921654281,3.508538395372227,73.78389461389787,314.15057957395464,0.07854423097415258
clausius,c,5.485012079377968,493.64317325174414,1.4795067754410676,219.9999972936073,0.23969811320754716,1.4981132075471697,221.66588450357395,221.66587713261842,-13.228913831122554,940.9361443975075,3.874741328248291,78.02663591907265,325.5204426724536,0.08292447514494623
clausius,c,5.485012079377968,493.64317325174414,1.4795067754410676,219.9999972936073,0.24452830188679245,1.5283018867924527,226.21462216380525,226.21461407499274,-12.893906274561914,942.5347144429884,4.261799117104033,82.43941858819161,337.13651120170954,0.08746565757730314
clausius,c,5.485012079377968,493.64317325174414,1.4795067754410676,219.9999972936073,0.24935849056603773,1.5584905660377357,230.77121737652615,230.77120854778963,-12.540366150432305,944.1898742325997,4.67055329858843,87.03179895715861,349.02280150797566,0.09217616216006831
clausius,c,5.485012079377968,493.64317325174414,1.4795067754410676,219.9999972936073,0.254188679245283,1.5886792452830187,235.3359467180019,235.33593712382242,-12.168261872468634,945.9029832017733,5.1018928704094435,91.81398518572173,361.20406879774737,0.09706490709537875
clausius,c,5.485012079377968,493.64317325174414,1.4795067754410676,219.9999972936073,0.2590188679245283,1.6188679245283017,239.90909362102445,239.90908323227754,-11.777537739343188,947.6755215952682,5.5567575311156645,96.79688509549209,373.70592293568484,0.10214137950144496
clausius,c,5.485012079377968,493.64317325174414,1.4795067754410676,219.9999972936073,0.2638490566037736,1.649056603773585,244.49094896880834,244.4909377525809,-11.368113891101189,949.5090948482382,6.036141159829754,101.99215872342903,386.55494939514716,0.10741567329561032
clausius,c,5.485012079377968,493.64317325174414,1.4795067754410676,219.9999972936073,0.2686792452830189,1.679245283018868,249.08181171146293,249.08179963083876,-10.939886186268723,951.4054385586038,6.541095559246514,107.4122760365206,399.77883637188137,0.11289853061934574
clausius,c,5.485012079377968,493.64317325174414,1.4795067754410676,219.9999972936073,0.2735094339622642,1.709433962264151,253.68198950798137,253.68197652179128,-10.49272599868857,953.3664240835235,7.072734487921139,113.07058030596379,413.4065091208665,0.11860138709485094
clausius,c,5.485012079377968,493.64317325174414,1.4795067754410676,219.9999972936073,0.27833962264150947,1.739622641509434,258.2917993968379,258.29178545937424,-10.02647993272717,955.3940647966072,7.632238010051253,118.98135770725173,427.4682726738301,0.12453642124371114
clausius,c,5.485012079377968,493.64317325174414,1.4795067754410676,219.9999972936073,0.28316981132075475,1.7698113207547173,262.9115684984935,262.9115535591829,-9.540969454947003,957.4905230484424,8.220857193855295,125.15991378282718,441.9959641850906,0.13071660843633745
clausius,c,5.485012079377968,493.64317325174414,1.4795067754410676,219.9999972936073,0.28800000000000003,1.8000000000000003,267.5416347533194,267.54161875635276,-9.035990439863326,959.6581178796943,8.839919192999218,131.62265748105688,457.0231162536696,0.13715577978110483
clausius,c,5.485012079377968,493.64317325174414,1.4795067754410676,219.9999972936073,0.2928301886792453,1.8301886792452833,272.1823476987083,272.18233058262126,-8.511312626833842,961.8993335424669,9.490832749059678,138.3871935820383,472.58513272216675,0.1438686864168917
clausius,c,5.485012079377968,493.64317325174414,1.4795067754410676,219.9999972936073,0.2976603773584906,1.8603773584905663,276.83406928942225,276.8340509866202,-7.966678984572923,964.2168288924146,10.175094156903128,145.47242442738784,488.71947861635107,0.15087106973074763
clausius,c,5.485012079377968,493.64317325174414,1.4795067754410676,219.9999972936073,0.3024905660377359,1.8905660377358493,281.4971747655561,281.4971552017831,-7.401804979137182,966.6134477238238,10.894293739883835,152.89866196704534,505.46588599384995,0.15817973806084562
clausius,c,5.485012079377968,493.64317325174414,1.4795067754410676,219.9999972936073,0.3073207547169811,1.9207547169811319,286.17205357286423,286.17203266659845,-6.816377740557186,969.0922301271562,11.650122886441522,160.6877513085515,522.8665778090146,0.165812650553877
clausius,c,5.485012079377968,493.64317325174414,1.4795067754410676,219.9999972936073,0.3121509433962264,1.9509433962264149,290.85911034059404,290.85908800237524,-6.210055122613312,971.6564249603401,12.444381705999604,168.86320705862133,540.9665119745486,0.173789008872672
clausius,c,5.485012079377968,493.64317325174414,1.4795067754410676,219.9999972936073,0.3169811320754717,1.981132075471698,295.5587659224613,295.55874205412795,-5.582464649378039,974.3095035348169,13.278987368229082,177.4503639656587,559.8136482249947,0.1821293575828469
clausius,c,5.485012079377968,493.64317325174414,1.4795067754410676,219.9999972936073,0.321811320754717,2.0113207547169814,300.27145850689374,300.27143300072913,-4.933202341383321,977.0551746318056,14.155983197762907,186.4765435407119,579.4592405990695,0.19085569411265224
clausius,c,5.485012079377968,493.64317325174414,1.4795067754410676,219.9999972936073,0.3266415094339623,2.0415094339622644,304.9976448032869,304.997617541054,-4.261831413227583,979.897400976871,15.07754860444777,195.97123857377773,599.9581587575218,0.19999158930150415
clausius,c,5.485012079377968,493.64317325174414,1.4795067754410676,219.9999972936073,0.3314716981132076,2.0716981132075474,309.73780131164494,309.73777216350373,-3.5678808334938594,982.8404173180761,16.04600993921258,205.96631772618795,621.3692417741325,0.20956231967771344
clausius,c,5.485012079377968,493.64317325174414,1.4795067754410676,219.9999972936073,0.3363018867924529,2.1018867924528304,314.4924256837556,314.4923945070389,-2.850843736588672,985.8887502709118,17.063852376522107,216.4962526845875,643.7556885257594,0.21959501274874738
clausius,c,5.485012079377968,493.64317325174414,1.4795067754410676,219.9999972936073,0.34113207547169816,2.1320754716981134,319.26203818485845,319.2620048226912,-2.1101756749172864,989.0472401136897,18.13373293684674,227.59837069740826,667.1854893231547,0.2301188067328777
clausius,c,5.485012079377968,493.64317325174414,1.4795067754410676,219.9999972936073,0.34596226415094344,2.1622641509433964,324.04718326572225,324.04714754546245,-1.3452926983378575,992.3210647409859,19.258494777003932,239.31313574435472,691.7319041476221,0.24116502636857745
clausius,c,5.485012079377968,493.64317325174414,1.4795067754410676,219.9999972936073,0.35079245283018873,2.1924528301886794,328.84843125611405,328.8483929875886,-0.5555692462326078,995.7157660085378,20.44118289223661,251.6844620220411,717.47399350087,0.2527673766088414
clausius,c,5.485012079377968,493.64317325174414,1.4795067754410676,219.9999972936073,0.355622641509434,2.2226415094339624,333.6663801918365,333.6663391653408,0.2596641642259101,999.2372787350986,21.685061393133594,264.7600640214176,744.4972088887484,0.26496215629241593
clausius,c,5.485012079377968,493.64317325174414,1.4795067754410676,219.9999972936073,0.3604528301886793,2.2528301886792454,338.50165778887555,338.5016137729046,1.101123472068707,1002.8919626597979,22.993632541298837,278.5918480601136,772.8940508367891,0.27778849410783224
clausius,c,5.485012079377968,493.64317325174414,1.4795067754410676,219.9999972936073,0.3652830188679246,2.2830188679245285,343.35492357974545,343.35487631841426,1.9695738495096293,1006.6866376948107,24.37065775274681,293.2363508937121,802.7648035829927,0.29128860949737795
clausius,c,5.485012079377968,493.64317325174414,1.4795067754410676,219.9999972936073,0.37011320754716986,2.3132075471698115,348.22687122885736,348.22682043896356,2.8658327451793184,1010.6286228591632,25.820180806420353,308.7552319097714,834.2183570155935,0.3055081015183143
clausius,c,5.485012079377968,493.64317325174414,1.4795067754410676,219.9999972936073,0.37494339622641515,2.3433962264150945,353.11823104573625,353.1181764134076,3.7907732198076474,1014.7257793314188,27.346553527610467,325.2158263922452,867.3731279583833,0.32049626905756057
clausius,c,5.485012079377968,493.64317325174414,1.4795067754410676,219.9999972936073,0.37977358490566043,2.3735849056603775,358.02977271716145,358.02971389402495,4.74532760381328,1018.9865581211662,28.954464254330446,342.6917685607671,902.3580948788084,0.33630646629199024
clausius,c,5.485012079377968,493.64317325174414,1.4795067754410676,219.9999972936073,0.3846037735849057,2.4037735849056605,362.9623082818996,362.9622448806934,5.73049151004102,1023.4200529297658,30.64896943855848,361.2636944837908,939.3139623057746,0.35299649782080555
clausius,c,5.485012079377968,493.64317325174414,1.4795067754410676,219.9999972936073,0.38943396226415095,2.4339622641509435,367.9166953746364,367.9166269641706,6.747328239134163,1028.0360588522433,32.43552878508041,381.02003664007003,978.3944739304123,0.3706290585424231
clausius,c,5.485012079377968,493.64317325174414,1.4795067754410676,219.9999972936073,0.39426415094339623,2.4641509433962265,372.89384076909846,372.89376686846043,7.796973619937717,1032.845137668436,34.32004439040071,402.05792383208734,1019.7678963964696,0.38927222404289996
clausius,c,5.485012079377968,493.64317325174414,1.4795067754410676,219.9999972936073,0.3990943396226415,2.4943396226415095,377.8947042542265,377.8946243260957,8.880641332923801,1037.858690582083,36.30890441338016,424.48420256156464,1063.61869968622,0.40899999818230814
clausius,c,5.485012079377968,493.64317325174414,1.4795067754410676,219.9999972936073,0.4039245283018868,2.5245283018867926,382.920302881718,382.9202163246439,9.99962877106941,1043.089039396779,38.409031890568315,448.41659866971804,1110.1494641953968,0.42989292546783775
clausius,c,5.485012079377968,493.64317325174414,1.4795067754410676,219.9999972936073,0.4087547169811321,2.5547169811320756,387.97171562840424,387.9716217678524,11.15532350006572,1048.5495172697547,40.62793940444885,473.9850414648777,1159.5830501125608,0.45203877705180245
clausius,c,5.485012079377968,493.64317325174414,1.4795067754410676,219.9999972936073,0.41358490566037737,2.5849056603773586,393.0500885228386,393.0499866007926,12.349210388250299,1054.2545703631854,42.97379042488711,501.3331764801138,1212.1650708688883,0.47553332048388186
clausius,c,5.485012079377968,493.64317325174414,1.4795067754410676,219.9999972936073,0.41841509433962265,2.6150943396226416,398.15664029237524,398.1565294552234,13.58287948664713,1060.2198719240398,45.455468276616386,530.6200978139917,1268.1667200641036,0.5004811849555753
clausius,c,5.485012079377968,493.64317325174414,1.4795067754410676,219.9999972936073,0.42324528301886793,2.6452830188679246,403.2926685949763,403.2925478793623,14.858034750969296,1066.4624505710697,48.08265384158551,562.0223368235681,1327.8880105050423,0.526996835681009
clausius,c,5.485012079377968,493.64317325174414,1.4795067754410676,219.9999972936073,0.4280754716981132,2.6754716981132076,408.45955690929486,408.4594252255406,16.176503710888028,1073.0008348641002,50.86591329137838,595.736150885546,1391.6614949283291,0.5552056732192555
clausius,c,5.485012079377968,493.64317325174414,1.4795067754410676,219.9999972936073,0.4329056603773585,2.7056603773584906,413.65878216742004,413.65863828004825,17.540248207516584,1079.855216580307,53.81679736558499,631.980164477793,1459.856551487231,0.5852452761946664
clausius,c,5.485012079377968,493.64317325174414,1.4795067754410676,219.9999972936073,0.4377358490566038,2.7358490566037736,418.89192322738126,418.8917657321584,18.951376338414093,1087.047635541051,56.947953976377164,670.9984252009501,1532.884333433205,0.6172668089811697
clausius,c,5.485012079377968,493.64317325174414,1.4795067754410676,219.9999972936073,0.44256603773584907,2.7660377358490567,424.16067029743294,424.16049759421827,20.412155770973072,1094.602189332951,60.273256235851534,713.0639500115997,1611.2035023283927,0.6514366195870116
clausius,c,5.485012079377968,493.64317325174414,1.4795067754410676,219.9999972936073,0.44739622641509436,2.7962264150943397,429.4668354416998,429.4666457022316,21.925028610411914,1102.5452718679778,63.807948383305984,758.4828525730148,1695.3268887639078,0.6879380574440829
clausius,c,5.485012079377968,493.64317325174414,1.4795067754410676,219.9999972936073,0.45222641509433964,2.8264150943396227,434.81236431754917,434.81215544708357,23.492628038639282,1110.9058454517217,67.56881254889504,807.5991618285675,1785.8292547110345,0.726973546079576
clausius,c,5.485012079377968,493.64317325174414,1.4795067754410676,219.9999972936073,0.4570566037735849,2.8566037735849057,440.19934931967805,440.1991189111432,25.117796975847796,1119.7157519049802,71.57435984633304,860.8004657299825,1883.3563690426467,0.7687669520282239
clausius,c,5.485012079377968,493.64317325174414,1.4795067754410676,219.9999972936073,0.4618867924528302,2.8867924528301887,445.63004433520877,445.6297896141966,26.803609059071277,1129.010069347688,75.84504996375438,918.5245437564193,1988.6356543746006,0.8135662990916622
clausius,c,5.485012079377968,493.64317325174414,1.4795067754410676,219.9999972936073,0.4667169811320755,2.9169811320754717,451.1068813490833,451.10659910758926,28.55339228256048,1138.8275225515565,80.40354424779383,981.2671888959595,2102.4887213569637,0.8616468863497598
clausius,c,5.485012079377968,493.64317325174414,1.4795067754410676,219.9999972936073,0.4715471698113208,2.9471698113207547,456.632489181009,456.6321756972747,30.370755705564875,1149.2109563556664,85.27499828840104,1049.5914664331597,2225.8461796157753,0.913314879768971
clausius,c,5.485012079377968,493.64317325174414,1.4795067754410676,219.9999972936073,0.47637735849056606,2.9773584905660377,462.2097146856951,462.20936562681766,32.25961970618812,1160.2078835945465,90.48740125988252,1124.138715744288,2359.7652065291213,0.968911461161159
clausius,c,5.485012079377968,493.64317325174414,1.4795067754410676,219.9999972936073,0.48120754716981134,3.0075471698113208,467.84164680915404,467.84125711220526,34.224250348383066,1171.8711214003092,96.07197081597377,1205.641676103572,2505.45047182753,1.0288176353922855
clausius,c,5.485012079377968,493.64317325174414,1.4795067754410676,219.9999972936073,0.48603773584905663,3.0377358490566038,473.5316439679175,473.53120769412936,36.269298536476185,1184.2595327386782,102.06361425583958,1294.9402130024903,2664.279164950776,1.0934598178896273
clausius,c,5.485012079377968,493.64317325174414,1.4795067754410676,219.9999972936073,0.4908679245283019,3.0679245283018868,479.2833653083339,479.2828754633385,38.399844762519024,1197.438893779295,108.5014690755699,1393.0002442076002,2837.8310633073033,1.1633163507918842
clausius,c,5.485012079377968,493.64317325174414,1.4795067754410676,219.9999972936073,0.49569811320754725,3.0981132075471702,485.100806513778,485.10025482480626,40.62145041223471,1211.4829123910065,115.42953903059993,1500.9366234260276,3027.924826491301,1.2389251289262921
clausius,c,5.485012079377968,493.64317325174414,1.4795067754410676,219.9999972936073,0.5005283018867925,3.1283018867924532,490.9883409638502,490.98771760203437,42.94021679297555,1226.4744289740308,122.89744563991081,1620.0409458046156,3236.6620223026466,1.3208925579963462
clausius,c,5.485012079377968,493.64317325174414,1.4795067754410676,219.9999972936073,0.5053584905660378,3.158490566037736,496.95076721829986,496.95006045048166,45.36285329188661,1242.5068383479138,130.96131989499992,1751.8155099870505,3466.480810532918,1.4099041195751756
clausius,c,5.485012079377968,493.64317325174414,1.4795067754410676,219.9999972936073,0.5101886792452831,3.1886792452830193,502.9933640082842,502.99255975770086,47.89675637718403,1259.6857810039876,139.68486511678645,1898.01502829019,3720.2217640303274,1.5067368838421316
clausius,c,5.485012079377968,493.64317325174414,1.4795067754410676,219.9999972936073,0.5150188679245283,3.218867924528302,509.1219541803629,509.1210354686672,50.55010153719343,1278.1311643478161,149.1406298528044,2060.6981512394705,4001.2090421926996,1.612274396181373
clausius,c,5.485012079377968,493.64317325174414,1.4795067754410676,219.9999972936073,0.5198490566037737,3.2490566037735853,515.3429793695838,515.3419256031502,53.331950732721225,1297.9795904922278,159.4115400051869,2242.2915090724737,4313.351117190806,1.7275244738032731
clausius,c,5.485012079377968,493.64317325174414,1.4795067754410676,219.9999972936073,0.5246792452830189,3.279245283018868,521.6635875976069,521.6623736478415,56.25237854837326,1319.387287925003,170.59275281665828,2445.6698334082084,4661.266584099361,1.8536405919557608
clausius,c,5.485012079377968,493.64317325174414,1.4795067754410676,219.9999972936073,0.5295094339622642,3.3094339622641513,528.091736527426,528.090331536174,59.322621007467546,1342.533671628401,182.793913003061,2674.2568969446543,5050.442400871816,1.99194772798582
clausius,c,5.485012079377968,493.64317325174414,1.4795067754410676,219.9999972936073,0.5343396226415095,3.3396226415094343,534.636315794909,534.6346816096293,62.555252017308476,1367.6256922992477,196.14191472838388,2932.1536278083936,5487.43440232503,2.1439737819482367
clausius,c,5.485012079377968,493.64317325174414,1.4795067754410676,219.9999972936073,0.5391698113207548,3.3698113207547173,541.3072927297551,541.3053818351159,65.96439371070176,1394.9031834517875,210.7843043973046,3224.3020097378594,5980.123408318397,2.3114880286953636
clausius,c,5.485012079377968,493.64317325174414,1.4795067754410676,219.9999972936073,0.544,3.4000000000000004,548.1158869442767,548.1136397015671,69.56596864756727,1424.6454800076585,226.89350142259923,3556.696554080243,6538.0451361769165,2.496548512589338
clausius,c,5.485012079377968,493.64317325174414,1.4795067754410676,219.9999972936073,0.5488301886792454,3.4301886792452834,555.0747808049047,555.0721217291976,73.37800407934344,1457.1796701024969,244.67207155271626,3936.6596544446093,7172.819089850256,2.701560922935267
clausius,c,5.485012079377968,493.64317325174414,1.4795067754410676,219.9999972936073,0.5536603773584906,3.4603773584905664,562.198374845322,562.1952075285985,77.42100145863071,1492.8909628689782,264.3593663285203,4373.203667021095,7898.711639589626,2.9293523611509085
clausius,c,5.485012079377968,493.64317325174414,1.4795067754410676,219.9999972936073,0.558490566037736,3.4905660377358494,569.5030999266896,569.4993000304892,81.71838838224812,1532.2358229825286,286.2399520503194,4877.512121346584,8733.38319024895,3.183264643853846
clausius,c,5.485012079377968,493.64317325174414,1.4795067754410676,219.9999972936073,0.5633207547169812,3.5207547169811324,577.0078016808924,577.0032071373188,86.2970755991189,1575.7587587298142,310.65440608225356,5463.586674862994,9698.891136379243,3.4672735560531334
clausius,c,5.485012079377968,493.64317325174414,1.4795067754410676,219.9999972936073,0.5681509433962265,3.550943396226416,584.7342178985547,584.7286150116354,91.18814919711053,1624.1139858554411,338.0132782351392,6149.127885020374,10823.05319826248,3.786143053119238
clausius,c,5.485012079377968,493.64317325174414,1.4795067754410676,219.9999972936073,0.5729811320754717,3.5811320754716984,592.7075766551743,592.7006800797576,96.42773849855894,1678.0936727276244,368.8153322484028,6956.750868736733,12141.32626590644,4.1456272565696635
clausius,c,5.485012079377968,493.64317325174414,1.4795067754410676,219.9999972936073,0.5778113207547171,3.611320754716982,600.9573530261724,600.9487764337384,102.05811488986205,1738.665178358475,403.67164662380776,7915.688650223397,13699.435033367294,4.552738933724337
clausius,c,5.485012079377968,493.64317325174414,1.4795067754410676,219.9999972936073,0.5826415094339623,3.6415094339622645,609.5182366352316,609.5074489237406,108.12909785191937,1807.0207416437581,443.33784356605656,9064.218862651247,15557.111389913083,5.0161122414156525
clausius,c,5.485012079377968,493.64317325174414,1.4795067754410676,219.9999972936073,0.5874716981132077,3.671698113207548,618.4313832124249,618.4176417695834,114.699875072537,1884.6446571718875,488.7577553191694,10453.185396799352,17793.513169012254,5.546502019370316
clausius,c,5.485012079377968,493.64317325174414,1.4795067754410676,219.9999972936073,0.5923018867924529,3.7018867924528305,627.7460543186238,627.7283009427791,121.84138885343577,1973.40538860961,541.1234341370867,12151.215544874429,20515.240312128717,6.157485742671319
clausius,c,5.485012079377968,493.64317325174414,1.4795067754410676,219.9999972936073,0.5971320754716982,3.732075471698114,637.5217961377806,637.4984904704764,129.63950945722854,2075.6838359009244,601.9589064840983,14252.630468912477,23868.472410653474,6.866474663626362
clausius,c,5.485012079377968,493.64317325174414,1.4795067754410676,219.9999972936073,0.6019622641509434,3.7622641509433965,647.8313802936607,647.8002253392017,138.19932157610378,2194.554945658192,673.2390385528543,16889.759752975635,28057.83810518144,7.696211838482836
clausius,c,5.485012079377968,493.64317325174414,1.4795067754410676,219.9999972936073,0.6067924528301888,3.79245283018868,658.7648433845587,658.7223178620052,147.6510167718161,2334.049491362674,757.5612980290064,20252.700242930314,33376.65151975455,8.67706546835316
clausius,c,5.485012079377968,493.64317325174414,1.4795067754410676,219.9999972936073,0.611622641509434,3.8226415094339625,670.4351462926807,670.3756766186553,158.1581550318383,2499.5386188231378,858.3987359807944,24622.15088372744,40257.095164041035,9.850678320513541
clausius,c,5.485012079377968,493.64317325174414,1.4795067754410676,219.9999972936073,0.6164528301886792,3.852830188679245,682.9862822493286,682.9007089993211,169.9295102599906,2698.309715005224,980.4799515412578,30426.27605298939,49357.02224560595,11.276050293185296
clausius,c,5.485012079377968,493.64317325174414,1.4795067754410676,219.9999972936073,0.6212830188679246,3.8830188679245285,696.6051947210618,696.4777765438139,183.23649539043595,2940.4442895615493,1130.3703284879352,38344.17021846767,61717.71809945293,13.040264137833804
clausius,c,5.485012079377968,493.64317325174414,1.4795067754410676,219.9999972936073,0.6261132075471698,3.913207547169811,711.539822162863,711.3419906938688,198.4395664968581,3240.171860463336,1317.3724058649113,49505.85089347054,79068.52993472572,15.2787731717389
clausius,c,5.485012079377968,493.64317325174414,1.4795067754410676,219.9999972936073,0.6309433962264152,3.9433962264150946,728.1273836990865,727.8036337994616,216.02964521685362,3617.939837427116,1554.911614569647,65909.4057130419,104461.67771504844,18.217385770547562
clausius,c,5.485012079377968,493.64317325174414,1.4795067754410676,219.9999972936073,0.6357735849056604,3.973584905660377,746.840581998275,746.2731017520337,236.6958346957672,4103.329991036679,1862.5157167002667,91382.07315387171,143733.67394216525,22.270222807692015
clausius,c,5.485012079377968,493.64317325174414,1.4795067754410676,219.9999972936073,0.6406037735849057,4.003773584905661,768.3669230500803,767.2734872082126,261.4417684276111,4737.466930071926,2267.5657054295616,134120.08866895895,209365.12427706242,28.310506574221655
clausius,c,5.485012079377968,493.64317325174414,1.4795067754410676,219.9999972936073,0.645433962264151,4.033962264150944,793.7535170186995,791.3244924740852,291.7981876166707,5561.836566339931,2798.4737200043364,214934.3805719801,333007.5470742208,38.6444977316947
clausius,c,5.485012079377968,493.64317325174414,1.4795067754410676,219.9999972936073,0.6502641509433963,4.064150943396227,824.6928459977403,817.743665986159,330.24282839717466,6465.607813421112,3386.609309141109,405635.92375812377,623801.7629752947,62.73747735148999
clausius,c,5.485012079377968,493.64317325174414,1.4795067754410676,219.9999972936073,0.6550943396226415,4.09433962264151,864.1476794543695,821.9662340395096,381.11944156340974,3724.557200884943,1617.9701058609664,1312401.5015752327,2003377.8681879991,352.36443711037924
clausius,c,5.485012079377968,493.64317325174414,1.4795067754410676,219.9999972936073,0.6599245283018869,4.124528301886793,917.9266263547363,869.7087268923275,452.95697612079766,12881.484343006281,7631.098751994234,2468570.70142502,3740686.389968151,191.63713091537284
clausius,c,5.485012079377968,493.64317325174414,1.4795067754410676,219.9999972936073,0.6647547169811321,4.154716981132076,999.6042544361112,970.2262836877735,565.7189340688549,32332.652987951136,20523.05730256684,4535066.792604993,6822165.645097202,140.26274906346225
clausius,c,5.485012079377968,493.64317325174414,1.4795067754410676,219.9999972936073,0.6695849056603774,4.184905660377359,1152.8455599903853,1194.8896682039338,783.7317030965512,73887.70285991147,48279.20088071189,8404199.8364618,12551357.961352438,113.74287616433105
clausius,c,5.485012079377968,493.64317325174414,1.4795067754410676,219.9999972936073,0.6744150943396227,4.215094339622642,1731.7257218597717,1727.2912906804524,1629.744607726273,166154.84047717962,110330.0411247216,16129742.47220637,23916639.184952375,97.07657282739045
